positive\1606681837.3301747.jpg 3 562 3 19 26 1123 404 15 34 1155 444 20 38
positive\1606681856.5765896.jpg 9 1119 550 36 29 1148 461 11 47 1119 470 11 43 765 215 14 32 774 159 22 32 739 219 10 29 242 295 29 35 393 340 20 35 1138 567 19 25
positive\1606681872.2861547.jpg 5 1147 462 13 52 1117 471 12 36 1140 382 16 39 519 601 29 42 721 668 28 46
positive\1606682029.450113.jpg 4 1329 569 21 51 1367 569 24 51 1455 554 24 50 1540 445 21 39
positive\1606682035.3781638.jpg 2 873 425 21 40 1002 329 21 41
positive\1606682042.61216.jpg 4 954 616 15 52 1035 627 32 77 1099 580 24 39 703 660 9 58
positive\1606682052.224014.jpg 3 955 610 13 41 790 658 18 51 1014 615 53 67
positive\1606682104.7981586.jpg 1 1125 444 38 42
positive\1606682113.7051013.jpg 1 1611 386 25 36
positive\1606682125.5281544.jpg 3 1118 643 21 53 321 726 59 67 1187 522 24 38
positive\1606682131.3041475.jpg 3 1045 730 22 36 793 662 57 40 591 252 46 32
positive\1606682137.4371064.jpg 1 716 472 24 47
positive\1606687518.7211637.jpg 2 536 302 11 23 595 51 9 20
positive\1606687531.629363.jpg 1 348 241 11 24
positive\1606687562.336174.jpg 2 435 398 29 35 500 160 12 19
positive\1606687575.3521469.jpg 5 658 386 7 31 310 252 10 22 328 333 9 27 318 244 14 21 577 422 38 26
positive\1606687616.6801429.jpg 2 510 281 21 27 551 263 27 25
positive\1606687620.1761658.jpg 1 494 298 12 28
positive\1606687756.425526.jpg 1 507 304 15 19
positive\1606687761.8731415.jpg 0
positive\1606687766.271157.jpg 0
positive\1606687772.8881624.jpg 0
positive\1606687783.905415.jpg 2 313 338 27 23 439 391 13 18
positive\1606687792.320813.jpg 2 372 289 28 12 203 94 25 23
positive\1606688174.9956434.jpg 2 238 350 35 25 338 353 37 35
positive\1606688183.1731427.jpg 1 355 301 26 22
positive\1606688197.96919.jpg 0
positive\1606688202.8311589.jpg 0
